N = 200;
R = 10.0;
time_end = 0.4;
dt = 0.01;
time = [0.0, 0.0210526315789, 0.0421052631579, 0.0631578947368, 0.0842105263158, 0.105263157895, 0.126315789474, 0.147368421053, 0.168421052632, 0.189473684211, 0.210526315789, 0.231578947368, 0.252631578947, 0.273684210526, 0.294736842105, 0.315789473684, 0.336842105263, 0.357894736842, 0.378947368421, 0.4];
is_relabeling = false;
rho0 = 0.0;
init = "cubic2";
p1 = 1.0;
p2 = -1.0;
q1 = -1.0;
q2 = 1.0;
c = 1.0;
x0 = 1.0;
umax = 1.0;
gamma = 0.1;
rho0_x = 1.0;
