init = "cubic2";
N = 2000;
R = 10.0;
lower_bound = 0.0001;
time_end = 5.0;
dt = 0.01;
rho0 = 0.01;
rho0_x = 1.0;
gamma = 0.1;
time = [0.0, 0.172413793103, 0.344827586207, 0.51724137931, 0.689655172414, 0.862068965517, 1.03448275862, 1.20689655172, 1.37931034483, 1.55172413793, 1.72413793103, 1.89655172414, 2.06896551724, 2.24137931034, 2.41379310345, 2.58620689655, 2.75862068966, 2.93103448276, 3.10344827586, 3.27586206897, 3.44827586207, 3.62068965517, 3.79310344828, 3.96551724138, 4.13793103448, 4.31034482759, 4.48275862069, 4.65517241379, 4.8275862069, 5.0];
abs_err = 1e-09;
rel_err = 1e-09;
is_relabeling = 0;
p1 = 1.0;
p2 = -1.0;
q1 = -1.0;
q2 = 1.0;
c = 1.0;
x0 = 1.0;
umax = 1.0;
